1000472988875126203
-2688059728260409627
8197840296565938622
-2053472899697904072
614241172072973391
3789519071193229022
-4906122443992244055
3120183059849540814
-8659968088852448265
-9190196761224381944
8539877938286447642
5118123499281222910
-5260020300908716375
-5803235902212361936
-5604728144292268999
1277647274548981269
4587163345676454877
8889052024871874625
-3457713491598286096
3381076838602873027
7351792903900949777
8782982261300600527
2901108773346347118
5510500674673518492
-937068629973552571
-8083902768036874097
-6534643650979348568
4691687339801978777
-8004171749891596672
9173693838769417692
-1262988648806931757
-7797656729254395756
689789225466946633
6384143849615627316
-2505600758412808213
8609911698491403727
-8873029789090917842
-4108682214599612743
8937304527498657072
7944233269925185134
-9140504422187348159
-8090222119383230799
-4967528314261324380
-7679399791855381000
-4663322304197728363
1976192281335737351
6682389031509104014
1477888373572568282
-4202292264398034747
-8231339944200751673
6406228840741420793
5116853058932805860
-1218734801424937362
-4404523663555933531
1944327123408977462
88823305130677705
3662511316687994545
-8889728915982968457
-8322410848093215146
-4687862078681930332
-742433224658266446
7900712611528591799
-3258161294924026448
-6755880531333402258
4308618922498754331
4236353054248922114
267897889408914017
-1716323204927651447
-8867486706577194855
-4650221386033333605
-2673573829621150009
-2314146966758113736
8538798393471873118
5474965188639025640
-6517727952110445051
-9204277337813809116
3944839510133394590
1785051247307639028
3531871440817541251
8039642868139532505
509497684527411474
3770033317934821868
-8881396038958321557
-5811626043041045690
4301150206690462584
-8867068548982617438
-7635244958172023251
2778067341337447489
2930248342112851984
-6131108239913183987
-1080977902220178181
-941663558804253951
-190904751542161887
-973097764852903993
-8687690833924839602
-4477055509227646558
-3413742318317773710
1217348613860206222
8336777032014570335
8092747211423202724
5872558198124713425
1889382911581876931
-9032534397389668433
-2845052538786877332
-6272391811467448944
-438366557981914130
-4231675095684636800
266771534249902018
1954051340020409346
-5022771780557166536
4584967370972766041
-1381613849697638830
-2368897811027623165
1377106603867737327
586019530556619141
-6837749338965345237
8521195821470648942
744156386823261957
-3501711280973956459
-3313048406146105533
-8919154309638083420
-1334003178640612462
-3016371429810534950
-2605260768258429968
-3769262045833078005
-8260507035223769010
-3765395530014217748
-2665814732847782544
8891630677524587149
8127186022042848280
-1318405569677818587
-6210649651312103838
7598025451695052821
-6424535588204814479
353716780204980775
-8695646147226259125
3722724102761927958
-302599437709421311
-8399581141533084590
-5229464059130029805
9014581865801810947
-7529080994390201839
6518296543324732494
-6675183814134711931
-6195391404411355944
8583687910190100240
-4801488843811906424
-2211800801081292846
-8287716464665071216
-4085942665750394865
-6041095759505369684
1204982355250684687
8135470254537714348
-2351018855213810364
4380203852886795056
-6297640878195118926
-3665898035116158030
-9144113575542776949
1150334696172851146
-6066932130087948007
-5048042646128076884
854931266002724064
-7233560872511809036
-5253911424565633021
-1362522454251254363
-8820344882159890202
-5041085804610377617
259811502885393684
-6982371567709588176
-5280026890939343517
-3288381111797707076
-4042099062908063658
4296446349070484193
1868333095273066178
4895315529365103013
-2831149717366653261
2887222695676738769
826688843794432143
8913892106057735090
-8499368684102258052
4404052677498955550
8605042856164746751
4594962687227204021
-7459058403871134747
-3959248308478345112
4687015416242379365
5373649414769801023
5874847626836316550
1290588550263426646
-4527424300345974338
4937218708833219368
5294865618571868379
6331007310716516879
308546982196787494
-8655176807268842485
-6033951583888597307
5290237843903577282
-1970191333070989471
-2277246954880535353
-7059079184382463992
-5454649968868352994
-5198476149475607213
-6571234305482415873
3432168501247992267
-65890612052461862
740340664097166984
2182725056815729051
2455540094996240923
-6848933303920533202
-3554774132932744787
3359139782927841605
1425419438353983591
6786537699967324504
8849186042633787668
-8410239417017370387
-5106242190332998139
-8559139138490491879
-4202569768310295755
-5681592373477419962
8186030967383578284
-1628409423827844811
2225751475057054503
-1638781616254865850
-2193691241587687176
3584160714839443447
-9064231980373585621
6110979960578516394
4065524647816197866
2544219179151567786
-188158060527664350
-319345275053176465
8207973329138996837
-8061635538038532063
1851035057961995538
4981869534206008666
3486040799711906226
8402409172290549296
6756525936534684069
1931819325933219442
-4207327351986655235
5115359872962545712
5177454934252688041
3244629292701890432
-7022349019436722731
7871396640905287295
8313001526701003153
8981439272029214102
-8232377861426070096
-8980119022544049154
1757738867646463986
6156838448815918213
6896340614465255525
-4806135925124963695
-5283149886116466681
6680591084237511525
-4963879104582201936
4066548073906093987
-8569384396281645778
3729127830872400145
-8152266276887694159
-9020608875167604577
5876750869577835625
8332426798228295848
3919306551488191597
-685634979847276680
2975071807541355742
8404493430107043342
897033574929400908
-3942576229407271134
4852974072728309847
7571521268005227112
6603545506944099481
-2710875873431810026
-284163736023604285
-3417619852783544156
8878741676463056645
6350640852541103314
2453211882057220019
3306442954563105263
7919487223583305509
5923305498230857303
2415161191634057438
3955329528857752124
-8656278682995920145
3236353587825158313
-7109980052257146723
7734419644988445892
8649800717920215873
-5454796915276439725
924388956495310191
2048372690837903488
-8044346020490992550
4495956930140201440
2925591846373608311
8388888672119878833
5748250089686570591
-1900232859609823133
5443729496286469369
-380225013761876647
-5656702538732072
7309720031049707504
8138952466326840033
7366359826947725247
-5769268658451719120
-8326519239407544544
2554549543463208251
5536685559725907695
-809414403745314760
-8592717094726333807
-8928823686428306500
7236288216513959992
-6995932799485323612
-8335986470395174556
-8371469684359834056
-7586978786155718740
326689651148161676
7521959501489457598
-3659190791829738199
2216780947821393059
-7617166192841636371
-4003145960864045753
5128575213210878511
4908599757691022904
3775622958157386278
-6472991993590696530
5539869550624671882
917159532076851146
2357340697699997819
7592107381703072034
2481291082708782498
7797901992708883837
8784144415532130966
-1738616651455572262
-5711930342495413888
879621360577876151
-2094054501128553727
2514704345009486735
-7018845563364810926
-4134268843368182621
6449528664592786861
3477902792539457021
3479005380210015723
5784626359453995697
4978428934843213933
4000860129250452326
-8518346994995261376
6855009067945348884
8631637761803527036
-3748776419145401330
6023516190895508972
-3671119830070438589
3539775256668731891
3890192797878505408
5536189389245496237
-3101716432612899720
3633085214369614420
8010769573599158855
643146342823554020
-8242599878029231052
-7241824019177687294
-5886568287221712906
-991197444816580839
3644809629354057913
-7653659562688577850
6996126777905095201
-5884927230741015435
-6845301090326040690
-3816305566641445556
6562450805945539490
3147377823036545607
-6110915497661307905
4923890746254617507
-3287284732933851819
-849846787103641984
-8406567607385592933
-7710100345839560511
8940815217878356635
-2678620166556262602
-3843232054941193548
2639263938072711677
-4952299473271048741
-4770006712796554459
7489615103836147938
170136875641095059
6866806018641452284
-2105431820265397719
-1935783718691537536
-1506485752186169052
-2407093217325158931
7254802121629255109
2997984578762437678
1389465912011376179
6136298765713748766
5104846263817501087
-3229995595511815859
-3136302351163187543
-3560307155812702204
296890286243361793
-6491872500578668922
-7652460933246861487
-8273352204467399272
-2609341815370047910
5152685815625901892
2737590809014093405
1195228461879508697
-5657375367903504965
6384135987873230133
4950774282570865631
-7499306285003039419
1194337648117250907
5428167277598702797
5202456935526222417
-4865448846761939612
-4139398574486547180
870850197722530242
-6655902234987927794
-8412951622829847746
-7816662121127608861
-5894286576528114799
-7958699864798000426
3822142435454000863
-6718472387869071765
-3171362060396908040
5573050080782867022
426819791786088666
-2815487867009571469
8538865580014713210
1561503767270334077
-3020153473959723325
-8614174760476436381
487561403829831646
-6252420347774145199
-8100673005331314764
-4024951016796924981
-6954243043285837648
1031505473390862872
-5374316734440732471
8866427569281278941
2552997772983394751
4396339151504795143
1293595364975456676
1448603950424415470
-5625709085111461987
-5544598077037541193
-3196714050230855447
4839409816839322617
-3434926691291676126
1125716166679259298
7527833998930204867
310580235722102556
307714243398361322
-7736188717346640981
6469423284818770782
-165311524172177896
6919444474946805714
-3291190616917211245
4840778006441031530
-5529480642872562987
-5803599549257835649
-3380158501829748091
-4556362743294624609
-2672077381615640100
-8558562621887285801
-4250373251801525365
-2739066054917795789
529623190636585691
-8843395084559730043
-5369998214845813994
-22892299705026203
-984032604473013979
4526076754935255929
-8450768969660732550
3259589858397289974
-1499676721575510993
-7690663709352293018
-6744930956664747665
2153962497122643627
5821546179187445780
-3102702282937783229
7157827237727210641
-3415559069425302579
-8472803895201073646
958359470847987659
5200398166799124449
-4180298748171679320
-6541785669827887861
-2289619077364144131
9187775669141348931
9030272835256737039
-7497928533831671291
-9036385541003445860
-8089428182574141698
-5292956417868220458
3572326073826504874
8934044339244004015
7189546290368632383
-1674467583135675049
-2114459780589145143
-1120817544106815742
-4234099957617209962
3295616444908517102
-1971687893808335405
-1975277317053215580
-8078470456105951114
-7184239051681189763
-4787990429895650977
-472217430544584601
-2786308604778919751
-5999675161954720535
-4487767074378444378
-7864373588197533084
-2354396762222995685
-3781116821881943398
26907783139861255
4058719631097539188
-3590405120750261318
-5764831541616242689
-330665080974060668
5013696860015391927
6342974756727045789
7336002756199782408
-6510882169375300796
-5955593721073744367
-6547484900495509463
4129327548050146986
7366273287075915023
-6482138017456342872
6652314392692464045
-2295793390571348641
5418286938428501717
-7688200785781385112
7076890442372036056
5239605043668494243
2898726506043791911
8410195168050403199
8435047474894551357
8384216187416524664
1882534516082349244
3967709302217675489
-423350632024571178
-6826394915206958621
-3849234633161473810
7706990659181749957
2951799654232558718
-3268168708884894868
-2649725690133715397
8410488959631807269
4621959379023913846
8543201950196208802
1303329297150767556
4526819989905961026
-7627115634403626783
-9048998042566510955
4384813043014158033
3264845540744278815
2925062394743804487
-2294413010806964390
4874801015511129930
8499210991434236417
-4403521399159356906
8033405345507122827
-8125603764679115712
-4892248962946606859
-786364294907457508
3443653723803382212
-5064899121680685470
-827471906324627894
-2699948823174698481
6957830107843969319
8955313861703614088
2485801036710922002
2265296918385767429
-8689197370987312167
-1180800421722448340
8450621850672868262
-3770265203993628420
6060403798621152387
9208065872320841708
-6237890598544315361
1750182633760832339
5482738530145459666
7490657749123442698
6317876296232043742
-250630405867500209
36295197101328119
2676174102657098988
537160296813343492
3346728566536280471
5958202285263845415
1358880253276290972
8146987411075025146
750072836652708793
-825259979431284964
5724036400470852680
6363682741194625771
3740024209946855587
-2059138646529967214
1817553859353627331
-3607991104113816763
-3920380442693753046
1532090452523432907
1231667815926023939
8297293908276944700
-5362014246233712506
-1064886268222691060
3596446681048017313
-8049349772189809849
-417859760973707052
8507180218100937757
-2891348851072757668
7800301028519909281
-2681443209802743917
2442800061986959821
-1881428826868185450
6348943698194783433
7450328026157590568
-4019201977174648980
-979855925578295851
5722386810660222978
4705623750747892314
-8920959670798317744
7518493346275632707
-2105291393422276652
7331242166038565590
-2399578799929610928
-5469362744000581841
6906613200493086857
7730924315452378028
1196865427813231436
-1750975326376314998
-3548584969852925775
-1888727925193726768
234445619428709795
-4857388450878085525
7687376024595328415
-7796992304447116134
5914326824704802747
8983820925524812684
-5753330815029983255
-8082487592576083898
1867876417331615868
2851487759319484362
-501138581055588373
-69823221235680139
-3207991895595804971
2031614995943382440
-2048776140824845755
-7068770497937861206
-3472680043259873738
-6189122744006708787
7977496823754552409
1967890431730409678
3384505564756050709
3553908957775164289
-3759939600146564914
7561017959918945197
5922940469048883049
-2132916182900710092
7086134595371875344
555577279511905655
-2584684185256974542
-4315007900383044360
7487144896245121229
-2439020581756184768
5405570312137899247
6845355467082306818
-4878749835204770695
6156246823395634303
1871135978691692070
5942273781559872556
7922265261759026123
5885590975744123795
2277217779668291551
2484393571799250550
7567288486289043262
1792571959855398457
-7946495054005152983
-4623621578180838015
6358644144682385297
7155085845706025495
-5850675167306944108
-6301057371276881646
-6052068768188638649
-6961941275396253387
-8105860356918804042
72363422053238677
1256130238845687336
-1552453112101918081
823414587461905319
-5644541474856579432
6944577296118575038
6825932146950578756
-1311245076879321724
7547670926349740875
3218314508655984089
2195372045784593082
-1154426807987642385
6484747353503304455
-5480861584231205364
-916226473611848585
1205140473752449677
-5011941890980502588
-2961045502318198483
8063594376076373753
-1673733797958231929
4680176936978998433
3022951863419445209
4748512005733683488
-8201927470481150710
7472114425834403424
-1274062916163346707
-4020310309443864145
8166585737632159687
-4171274840915620890
-981436158580614130
1331087741463949262
6902532706861701491
-7074036307525188928
-1392185444841481694
2628750000852102027
-9068152075186182072
-6873857498531474535
-2107651061132548651
-5170541902362571180
-4919280577581359998
605150424396550853
-7931995448641320427
-4574597486578111618
5458866788880411876
6193609129544859834
-7090747544857013097
-7149922815050686270
-1060445962312828112
7900078399362411153
8915525196332083792
5115070234971537082
2025153502480019634
6151000402789374601
-5370632571997918212
-4421733466432405143
-1851062651597067594
-8514627114214319995
1672590622503266970
-4908579286383208272
-6101426720260638963
-4865742823840990583
-2844345517215454227
-7724371525294538534
1334550977839800461
-3551747417569802944
-7373343828054425859
1592947442995948305
5532104597969406862
761394261743197305
5888447629847175316
-7512172310662367770
1553248371904242285
-1463828664097291355
-1337526903511371838
-4804585769739586099
-4509973193509055988
5130806983084715611
7819658378309333594
-3369455869184356962
4966576399088588368
4911718434852741333
-4628838513217345166
6986479180053911318
-6302963646666123614
7014662618576806000
-8627794832370321945
-299472960079373484
-3548482672308546961
-5135775112817871824
2077555532888198358
-2490655369191138468
-3762797092696482392
-3753264197014637255
-1725327038630446044
-2656842442105771881
5647131915344260419
7515483761001525079
5103879613946003192
2638377712303197521
-4355153787323616328
-7149385515803111049
-8341291364712160708
5013101249131283770
-1174387094407623292
5639148189952241196
-5398177835687151329
6803431735209428454
-5714477771791598167
-5528760257102902229
-6738869118431157867
-5104146178106337459
9117474612256635436
-2124716070901840177
7515134451681827029
-5284535265146160053
610945792920373398
-6120921854357143914
6440471267701465050
-8088937683394483423
-104913062962926988
2342779678016215457
59591440901091300
-8278305180598610446
-5763381048917468713
-6879761748602022856
2645856417883406068
2881124040673116999
-6251883901691652651
-7333673226879606460
4908136133593338963
-236061493240367476
-2023427244693012730
837761222427466452
-4666590011076268789
-7484170477358176112
7971940461256098823
8939853962339877529
-136953094037294996
-1220118890163793911
-6247053351416259077
3901001462701314665
8576110501006734473
-4651706699308287474
6184582536843468037
-6429309584366101313
7766553645346099896
3531273628154131099
-4241118006198090545
1325419577827949881
-7967600084623586282
-3799499432699511536
6512407950349842694
4918316587679799577
-7217677430408741375
4434039990009126066
8569081756755016155
8609355327432355781
-3195059123334060388
-8868265184205443799
-6665561897807040381
8960466685387832136
8235631398536640846
-5488154205933270271
8332444230258609080
566266322609856718
8995403026238866243
-201205054673089495
3609828365552397367
3357534746949349675
4347330107226972138
-5941539185676760970
-2440855863901609664
5150277366315596117
4517721292902956405
7682781325875081761
7108242370664232217
-3033930644338285850
80453910186127708
7652677342097309253
4158779861371603339
-6464495085564058469
133959968887512282
5716356858110713186
-2315465653403286429
-346873359521660201
-235532389150793362
355185279824839645
-7768388103476098061
-8915441611970699231
-9030933056187243172
4309170105004114557
-2072181428279078002
-2592503639801045599
-995501504073013206
2975234831431692016
7214740949481633807
8349822671010892711
1413881588019603235
-4385466258967307196
-2278659902259909549
3035966450232683045
4719487136923472343
-261998068919786642
-2846955196608727622
4605366622422022448
1322100098724269721
8512834492562389959
-564800139378771798
643316238825068930
-1235128390622605568
-5834979630355127415
-7591768211100003060
8785288027543207163
-2579089702584699802
-429533103950882730
-3402464488639622451
-5911959815648729316
568035333960877164
7955688228392542130
2565481565993983582
-7639586564231447158
5724139320852491636
-8072443911499473020
-5797393240335313611
5282608461868296337
1434809528701639462
-6369529098569529703
8479753915217961546
-2812583258910358626
2730069348572928748
-6764294858602478303
-1041520943068009829
1945965245407256004
8965608780237639797
-3203753419733707472
7740418656770312616
-7041561519563306440
-5308749250255996363
3141939714901054270
4622406013346110967
-2717931257164742443
1909606763067901412
4615466408543086248
2657569351652353425
-5044614134318281063
-1632809632244894469
1151595021682063917
2183696860327996035
-3179103521731144154
6225414630845632826
-8416356194627369871
8952510470524993375
-252656201737658302
7983640073846878501
-5217983110741286787
-6074690906274903112
7225603843466280023
-8780423449196491646
-4198157243472316867
1925896762803480745
2057487862834639092
-9159591527100112676
-8830294108043758848
-4992907586032186033
-5560183732717355958
8668901909783373315
8202288714076246524
-1810149032866804918
-8297305162621541201
-4485207240114842998
-287107627518970680
-7621447850232538304
-3244629083106371297
6320159467470205000
-3247510231025087520
-3953274115896067749
141429068914794934
50812005320605912
-6524224385580118235
1461382845838741958
-5750044787464282057
6150942133547987480
4893316451782280794
270952957683268915
-5923992258370543480
-866919423907126610
1500019250081997224
-3281172557696725672
7652747110339688756
-4225120706643003778
-8622986831481724389
-7272775904185603731
8462844648562473959
3752363079100513077
-7728052927416184286
-5097306774608282960
417388322293626358
-7209295637761172286
5620004219897105939
-8428899624685180703
-6441245639493369643
416419756111325655
6415564519894457508
2531475832934229702
-7503208849398619490
8616608152370849900
6024958044490405747
-4098309799825355096
-1058782845007249775
-4641586453203862979
5169037163514618752
4933330030872219348
5715970330548802958
-6548867888291065529
-1602679139485419090
