5119885396773447143
-3732728435761057861
5005665830801851233
-3771170343303264590
-6000195072020039091
8031049867464799820
3047078024039326282
-6982728054249705812
7770611843088046212
37245137972041362
5449593782686483750
-3993337321100505103
-564683596943686644
4815710056980591038
2144900494654366909
-2611697650051020022
2985400137104946584
-4494818176259554478
-2927310068473426356
2453527521813556245
-4857392019916124787
6358138653773043623
-732400269914997244
-6958972174217901755
-4593237964183005562
-3966300662282513816
6644148608999786888
3132959280735383902
2477403805770700754
4874687380749436181
5912457150674410099
-833308229993797062
-8828536534865217548
-4041305415042787966
6599183235220093136
3443141490001559366
4321581319570534178
6959883251421394005
-2249323413634783840
-5580382182182035451
-4000532239845439033
5817924944872645515
-2485550921996450472
-6230643143402893684
-8494691385680135422
7823323020839619827
6966253154093308512
-5776233158473196028
5483770250768449317
201875441442056369
8438934679639297941
1206157743927247148
5213096890856377910
-1334820411142474819
3070900701186740935
1700407095483918549
-3699906943742271887
-7257630688450152862
-2717903785513779396
-1204222496392367516
1931139029098002116
2650691953564113599
7871257022921332779
-5149112723409476013
5454071318388937041
-3802536445743197367
7007576671846814530
3243312147124520623
-705709935794205200
-8018256326168293049
-9014187701681032415
6559723786822413723
1913622501118604458
-862261346549265579
-2791410281763868195
-4295387056799499315
6572039362669742143
4343922756653306850
811151961277676414
8106762171947063052
-2544360604154697567
3117057166958067633
-7262156756216858496
5830791398705051832
4461017450713400695
6855890739924868188
-5675388818296444842
-5981610598470529982
-382393899990523749
2801855300031559372
-3361801247132300318
2888649308077333935
3655593341186547868
1043522511426089410
-4132999158237913089
6616673004100327449
4552232572098605885
-941097451125511086
4675664192101869560
-1295460415063550930
-5081124337775935500
-24006967080028061
2175642008382457869
-9189058207793187153
-7612783482413471124
-7960802396731137744
2219402165915299829
-2972401503925494030
-4630257996915546877
-7071981037428276791
-3666420356817988265
1477307304548181345
2984391688950207309
-1858924601043326061
-5154181930187751856
369042226820016633
-5515162267145978737
-902594760766792508
-4809325273866527760
-888774009114430772
5669326335591501380
-8226666458536261912
-471729829392862020
-5161998423027770753
-4692203168363368804
2924083351203718495
4083727497087098670
5129646345759002317
537140416485285624
-8954478546114812964
1672605998759709744
4126751260804161282
481485952998108783
-7556372221561727769
-2897856326921100891
-9141578398265091456
342000969646177357
-5384612211286345636
-1449120064476158751
-5184773052008366275
244943861229881998
-5321470218686115350
8863853380027987243
4103743061446572099
7758042980645412967
-1955998487588630634
-3957124276542400958
-8374524294133830608
5701630208233946302
6682193724270460981
4102764741348526805
8800367026571303859
-3269315407656183635
9026099052614506997
-3772559550831870198
-8894879856378261483
-9190157038338622973
2163468234902425812
7637459427507356408
6198994779101796781
3482711971955037634
3921639724780846375
-469421580057864916
4700365840521141867
-1460524666726448478
-4682974240687107563
4225087540503608616
-3904073118873896882
-5370662718233953395
-6012833157424618470
-5591292832829950497
-5058298981829434386
7168182512646828577
522637388402769797
7859820816345851963
5302585813980036851
-3875141391407845071
5382376242555293433
4390884223290733976
8032701939081189019
5851941693848670020
7889237139595203056
3710634183931695686
-9110926732542491080
-6302199317500219115
2999908922155950899
8661082237831426058
-912695984860322384
-4653087706865329135
6997635258866175843
5460450163575732381
2196680737211205628
5486816815839451356
-4307744572340012172
-304866140337498068
-5429282719292896855
3306070367156037068
3573706081028021036
-4194979622048131114
-5898221936763146406
-5668444314990315156
-6767720799872223319
3356796028698757169
5178998081991119939
5271592827820233979
-3117694161094900264
2096950607503866822
-1655980170426652496
-7239342855566579989
6464386174931160319
2149533794922254736
-7552309861507235716
-2416209912321950366
924326299569151284
-8117104567671107711
-715565820935196262
6673988257552844988
-8432850988801223197
2080214929916136702
-5922550341147114864
-6576273727804936697
-5783208569538003893
-2883346534568006306
8768776958890666231
6197679676056840581
-5551982626198232574
8587246772166027886
1067420814049449980
-5480487164791848658
1142239510667238253
-5001135409322365200
-9167006919265837342
3207559071720474411
-414074947009608119
-4807978031590440681
-3984446570028886146
-4342052137134478244
-4043515019083112411
342900482656910604
-7424412526494014278
-1732664290669403437
6820214441016126693
8484458074073866093
-5292325718850895598
-8478861392834850729
7685071171457609025
-1125257938157133879
-6416833171324642022
8614689839438352610
-2800986280601098941
4262779616551770917
-6930958271681655306
-3127080746520540893
-2906328189702737203
1122366584418373242
5478023364542467040
6058480979675597053
7014210233912620049
-8063186552472526540
2864960503198630053
3497841418493689350
3866588867791502871
3099762691777331124
-1462374029148903896
4090345000641885705
-1193728691087924422
-995402384392714801
-4786161980738456354
4821385743946264965
-3171975953532728917
-4909484616274101938
-6735922738712927663
3170057646789133867
-2502898930209893907
-786911251934931860
-137136689340452962
2390800077956092259
8350619896077733207
-1573107828898881445
-4689505791677904906
5817818145274952392
5190115839979750549
7965671158256918463
4045621228450066208
5241376162425276071
-4990680154046820824
4091583288012769585
-8261465528886493195
4163643425273641093
5998402022546814177
-251465511274147395
328915446790699747
891174582728050070
-3598328908654793110
5175583983333771108
-8614696660660575125
-5210298015077918906
7938624788584374717
7935947821129055131
2512181559086986148
-8000641879654261324
6522503560361541034
6242743849301949898
4495842021420847285
6526126141970887218
-246934264752201898
-2817107102633187889
828510350820205406
-5579204910268134969
-8736471742679660361
7943658542429875832
8963036507385704816
2345319040889436077
281758746273769241
7115664787690954764
-1671316174603743920
7681744380327411667
-7842005572044838501
6726753247041030851
-7978039471895882632
726804613453707611
-4763246090248755277
731578064442937673
-1759848410821378570
-8040135694380269283
2847813764720809894
-1234138591919832257
-5163344640109741844
-8286896433698800605
3564082986118747409
-771264767355779142
1172001928400313102
943937629623511595
-8108223133687089309
282031923559667650
-204685065450856665
2252055786102933544
3681851978075322464
1240599646025681108
1861691600952865684
-2628907225202326847
7423315184057739935
8815263977259493217
3003620728900655303
5949908669851744465
7896894537635512333
718540580192805197
-1782271420479778875
7902375623821643237
8630042665416073321
634251138962227313
-8111641565925615447
4160475602370481345
6065039701538574277
-1957909605619649255
-6869300415975571169
5783871351390869980
-4023798960111688437
8743670316790952070
-4843007926859840791
1204800274265568735
2233823412931514486
-4217940001780166803
-7416535270302240162
2710162081966149673
2129894430450659861
-1481156238362487690
8035676017172430054
6955818260561979726
3683277927044890699
-6399910839212854594
8203027207100233599
5815108747428611475
8230775344088415826
479051278666999893
6148240720375004475
1720008407347359604
-7587184298921196877
1379893965295675585
3221296064561208768
-1611278278475249121
2319482339097742799
5091764039028348793
7755957141373819846
5873897447008908278
5967630988493615193
2063439539847320171
2124806799041821597
-3149893752209229551
-4466553703353466406
-3891271178493653897
1115618264790032804
-4503402369527147078
-2058873645726341332
3191136939060639730
-1410659310853783341
1310481738922445039
752808903372204288
5484427586143273252
1047019826951821618
147053680502077155
1651784798002223704
7162199886553635018
1883344044653020768
-6286646512206095491
1438627075069710093
3752146929211903636
5350518374651567629
4123342175633673431
-146794318080286134
-6902600006335415384
-5313331241815089536
-5423351428825117248
-1642544836696158961
-2253099675736687330
-4738087544359097071
-3423928184811573189
-3694390893189067601
7798145321223749249
4157954975987098800
-8940870845064624130
5137154170874468690
-7246886968702151596
-383630027492559779
3950784619230604532
-3561195943240815500
6738891061663114891
-5366427197151720019
-3593060016691343941
-2662328524461598876
-2724500154365383922
7197138063436899148
-1813823513164770777
-3670072614109812282
-5467963013756293062
-4070999163208796299
7385743065990286781
8799661476901939217
-5011165424960702625
-4028196461269124484
2981755298085470777
-8402773753371897326
4345228125921877827
381489737588259140
-149540165680254456
1796437247183780200
-2498562770430812515
2042420787258121161
5637221769792324303
3976098577792018437
-4681760740085510501
-3511971647591468136
-3464137114381979678
9123400819117446835
1030985370785514844
8173557299273423442
6000563302246370509
-1171916350158556275
-8554016978553749385
-4904517954959794131
5955272259808303055
-593626600889649023
6744335748263616371
8223059295190108786
3717958824566398042
-4279705362901790251
-3204128037674701235
945178945353490944
4841178827872986517
-8566910623805467489
-7576432945264001035
-330528316992990776
6291439762764136666
-3705059877462375092
1302702213684041936
-2333629346090019505
-6400649267194589128
7139855901135826458
4433301820772231479
-6916874378693986513
-2512014117962437391
3896310340724868509
8614286847527852023
477935611832983446
-7161031811580093955
-7547355749385820866
8620473338938842320
2872384798983074501
-5277138806425696634
8205920233514586039
3626008907921402614
-4338293420870975598
1226970636460564586
5814261771195713432
-8060383026642523245
6694971404157992422
-3389711924836157763
-2784371893221378618
3315079070557538371
-3689140883216589504
-5133281720259335100
1163503216222756854
-448288094743951978
-5336812701233781967
-4578874863059764742
8140002590763413302
7055575504873352593
5746626519072365022
-2327475874755280497
-5963351645357947291
-329529804586186195
-5724140808638755199
-6008772639570497564
-6326776400763934538
-751577093604151337
-1797058514398994456
-1431118650545115248
2120808882078609457
7997234308853618671
-1484989545956221707
8129341450809224030
4030507777967494194
-4308542968295339191
-5903196820010224868
-5983012998903979827
4750541293646479336
4306870530313591982
5858109607981346024
3291586763398333070
-9212629533575989033
599198468854362972
-1780795319451205514
-3739008723099194614
4430131631023707479
8462215056936379778
-1813194133791625736
-4397580086690242854
434503601007739666
4048062655167013573
-1931744250741150157
-127959917970120883
1374482882931907978
5216784932761054910
779397313355886849
-1488655684601754395
-902022689298590575
6660466257712786298
2796892958889405392
-3986414784650978854
-8178872858431069490
2072962277615318008
4251082109263083554
-951597560424280939
-5114547640948108225
7612744122226788015
-2821209269096660469
-664086255873207754
-5202893873932575566
-7434287789950648315
-5913669395114277194
4679221730103222543
3679388229904416330
7343941316234683609
3202422208145859296
1679302193081527079
5955685196871417856
7781950616733105402
5978009260883079515
3457886341869658297
-894271954608917472
7167254512527703469
3793046982168115597
-7262184168090811726
3070481034967666376
815505990822052907
672364608180694510
-1617757657430719178
-7981772557425963924
-7402416999896424416
4282922958793243278
7980018868347372059
3259060513118939221
-4001163502470435282
2266704080551633804
4766768544115833708
2068655122708341533
2500800157347709544
-4647108527682784352
2713850473722719719
-7847686319678826188
-1419598447685950761
7734348904062253714
-3706448021463436416
2139427879264463198
3400416470491206137
-8391459570087060544
1430650386307757532
-7440552503777645773
-4768243402055521988
-8280140599244444516
-7072222492586741545
-5186094542882163298
-6134733711390833784
-7475557022284913876
-1502432276925184770
-8612189222364580513
-7001499830411020366
3217825748084479113
8880481294429198870
-2710369117770034295
-6249714883409878262
-6197183673317604512
-5230267489188064877
1590769131669564420
-6419343782951959602
4872065996361055860
7688117606876563746
-7547350965120183284
1949244323105481652
-2662809457224315110
5902933006672162079
5572956321475031216
7353945483560047204
-4312525489226582085
-2356569698064164065
676442820826701140
-7516748330212364292
-8969892624705863083
-6560307466740427672
-7737483395235356113
-5205843283320371318
3327758285616389883
-404563248570253196
7245598314024598222
4913768425933797781
3452763578061607504
6394718805139177330
-8923010699825517425
-3486603740405713259
-2047413529313922032
-7317100453064258363
1424830607049321767
2298953939580995958
-7541938151286047352
-4426098590950723197
-7825571479675332323
-1694338618934021606
5520293276495210521
3517579378792171255
424062392316885580
4627318177171247060
-4446994738307228743
3404572135445334303
-2518825058475057563
4548072720695630829
2117685742288399729
-7563585385739241170
-8537834380594414230
-4296575522426489822
-3229379014122639904
-2179608952443826165
8877524155016015925
4705791878630487332
5593677015468754870
6710198328469553361
6444823677463885551
-8484213555952294633
2410953504195571258
6861712781980339021
4341895564744560537
1915682127668555283
-7824843144213947451
5296853170143600259
-5018664618624394106
-1353997766371415898
-7471130084176846779
-2221135334903330006
-5640720238273471777
534295281306203729
8224959878016139195
270943539610601003
-3819648670459762402
1718225178878241798
-8492827394489655107
501866536408070949
-2742988767508685421
1721406137114201265
3363250744442473205
2527873855058800364
7471574798054223074
-5627452965538557012
7603110121471325599
2274372205522924038
-1896471562007043965
5401769927948324680
4143231916880160271
1842670702447141677
4776557660103843137
-929419855166272693
1796433238304628265
-6588474107495988785
-2689042937432147524
3112720026148260717
-2294831573679334681
-5385996303624974191
1114341403561518311
7206466414346589658
-4461403423941827881
-4649209190470613048
1439621610927938698
6197141395098242483
6249054856702354586
3448809754205788158
-1554108722241293375
-3030843799902773875
7339278668302509415
-989786467062252429
-2218282978513098373
-7607655253987790352
7674452051041304453
461083207496179098
5767606860087185148
6546045302622684121
-7646574666204843820
4334690634237461399
-4193453735618740645
8965189580220396344
7983750064104077637
1258217732205697224
5927973190408675589
5062071415369265523
637195201440418141
6034352885311339577
1800486950225217080
-7374040212949533727
3807733203697369271
-7542582505553140690
-1939224525575976567
-9210411962456644016
-410378640482419585
-3508202824539402083
560720861778987358
-3683430064064547456
2299123129787102711
5822423705441422769
7332313723372776821
-5540487044561417818
-8699890330440961803
6086349977519687240
4166702232142101851
4947352157655324906
-6449699522094417309
-7360297979249203594
-4794772629566994698
2157327687772682729
8669168253640488638
2881047593653325312
-7342646315575028484
2507885855380995635
-3335979214657044328
5115149568859837154
-4585147974356306567
1366631017099353294
3056562206867429143
-5261461672688086070
328778385363357773
-1641673803947348815
-8377023117194109837
-2854298149793228134
-6191023109158924884
7846498425689386826
-8689088808491588485
-985732889736442134
-2763591301544768356
1820534831430855417
-3562395966530759919
277943241720232067
-2849238784302192262
-9019182556634393198
4542950121472953001
-7691153076373892635
-5139551477246569355
-5859765667369775393
260887621798226638
-3568526698940945726
2726491281432688658
7231080430638197532
-5641086359301988706
-5733304635875943807
-2151586466868547674
6843326084050095481
2726197647949544265
-5831912245581708612
-8960085024554627617
7385575099672646300
4456143794083819157
1297843154835513794
209325593228849980
-4153916172942865636
8547490303493668189
8242779750736327957
-5300399220846791536
5394707796745291271
-2242497543860301299
7220341401458666477
7584874944837702019
-1499383921832137891
-2946399966235665624
-2727609481735411276
6069548736966343441
-8524948549546285422
6698197329694587331
1944242889592739977
-1952426652464272887
-4542479574814056176
1620495524402872327
3436865161439153085
7373801255274300815
-8652679888063918925
6064975243389206450
-8496228423185878440
-3257975455869675110
-7802760767972442549
-4144798369150556009
4869992570321410453
5729117776344784247
-4444372625679280099
757222703297558297
-4877740121876758687
1575266514740955716
-8856915388817800093
7419793948958519988
-7867625731337079584
-2915048383734906506
3935905943211573191
-4652283458719662987
-1947136537681702680
-164083887734619309
-8950811284291308564
-448156699152142979
-8438942037460602235
9022582207316931961
-7808806059383430683
-3452200591442459263
-8876297950761790605
6638883408349264213
7394368518958243004
5733321193073469773
2709630494864304807
8042060410226397869
-475194864922635283
1379255831165464892
-7279912507193827641
5363876838696410647
1444116123813015016
-6999260773250791486
6171691671984146605
-3467111117982165121
5938508030949110418
2253827279209388003
8888418920248100328
6908999612894736549
-2363763068542564924
3912137716704807865
-221868336976569542
2046746818187966364
-8162456205723602485
7879502152998492913
2538475009294837531
6470566112994905421
-8972186501894307354
6546836420253837646
7323576536834450484
-1856352132666217486
5346932645612186828
-8709317459249351387
2672751790231305190
8553578525235625371
7469365902456934179
-6669809457876445728
8589052662642108609
3608790808019141292
-6431771938095450614
-5494335305270441349
-8878909666835584755
381084896832096349
1254234567098710416
7090309878984775690
2294023550045372740
2706494091736526649
7167791621320927034
-3262742236637431759
2080519938612907669
-1710001440163872353
-974083310919549823
-1273686232043563094
-6052474761328187037
-2167921837990618556
8793541700200264017
6244278774272566467
7374956987494602692
1164740039232199343
-552686466625809780
-2671553076079170083
327717434966462467
-5974588696355032644
-3831658766512034683
-8026879722729189394
-4935431168651637985
3166397508579734042
-8702240562236111482
8290910865983649024
910156868107036490
-3877318051463251763
-6825000874191984566
-4826707688691604816
8010255758043241066
1265859184771883948
-3893212488482685309
353899437871028400
-7462285522723507045
-6745818084110690332
1815123971505371989
-8980725159297581243
5844110232937902762
-6958710778903521165
9151784783492290009
-3365124256356096567
-5357905435850465124
2241291508622290094
-5910989217727392869
-2780093059571658454
8704209131099098149
1705492854769784507
-6040463091893279971
-5827091786418267543
4512552739526543154
6249870328727673368
9008683306636805714
8871021035055930653
8026344746133240416
3919705899754050066
-2170372133567312605
-5476107661419219475
-1047184007233534078
-1396174660154353585
292786905598746606
7501503267735425305
1293957862215023646
-8949832895757632699
-659255379965404670
8281056325708253426
-8954826325354998799
-4213823851749784384
7240916554910856228
1726741993098269790
-4249611932893787289
-6692851752864313248
7303082022972669708
-6759444143231662763
7778441717168341539
-1052911931661798888
8411541797935394281
6194880078935054182
-3290060768730665603
-6948476643855192911
-5552218304853921575
4138297961918074419
6482141031640226559
-1469506115490449339
2930997197051862898
-749818793083477008
715944136336835303
8653781669744138436
-8374212450492042436
6392337032179959784
-7571410038944322903
-7884597133404896142
1875721287950586421
-3416773034579235592
-41045985515874454
7712776624609303143
8817399932857657675
-8511507435893151726
-4166257741429354362
8626425513104959758
4163238724515239653
-4632278314402373956
8979864973029585418
-4417280120254692186
7267818630832743771
3240856168865645966
-4625598212792430790
7552520180493495748
-894421868870544007
9163970108919230136
167270670449730829
2579316764449441743
4101698413253032192
2365190697814403193
