2863795293608902181
4726079899811274458
8578699133400412674
4826033833846604909
4115301270652809809
196154212384186099
1765694797178581155
652408669033789115
3387682141463459960
8850134584832391577
4934249764499361005
3942887024323845347
6080934674258800530
900637407004204437
1151803985158210138
459617235750199444
3152782498904446635
5958979850508326160
5435235563145173910
8931066444589062914
9204713543395949856
7082100049583427541
3576247378028881599
8668055496544125729
5512765517679753953
7730162378601362834
8956111746321527205
3970061842142602215
4469982973464703149
3480674412251234327
2758675899674594827
6513558128411581070
944024257224872024
2415300875202076052
7767002170851401187
5189566268955548879
2751447065363574023
8276870777800481503
3740657585653852054
3567166790216075047
4272896406392722289
4910517405086061995
9156651030152213049
2867015101086429973
3122960102912240160
7209236516019910354
4110496190407797209
1776534732765435225
514152495685769646
6759699715710547084
7288909819950369712
320223846777545783
7929007449389792520
6625888904839912629
491554848310893164
2249306591445812657
109237437956168110
8720566717901006602
7506456696302836334
7577693192662910416
5248436240224591856
6482875681977569132
8368553005494441480
1635997827101775068
830224503421039410
7234702926707030043
4687103606200871358
7012317560832609694
7705535808839793192
979437682606445563
2621799431531485318
1062717452296176549
6409421386805950234
2139383462492428498
4031330244862715911
2663796673177885053
8305109694946109473
6145626400170539399
2039816485963793629
6753060610786877177
5229365905957285735
3031133952311634020
8944830285283782355
9026475681009956713
2198557376408437611
5323107874955026773
6877819691815267622
3784340510498539492
8404604747306870586
4773440513523727399
4442790738618501832
3405879048132455807
4232897866494864054
933732555669456585
8120821726474181275
6633008787177208724
9084818673558975187
6403960498352908173
3701956428925404081
6603626989659144700
3663882498065893844
3524784287288837991
3491439792546796946
6545423110023912276
3815861741543552914
2428475089588438060
6331445725402686582
7051036380393358139
2634371897230942645
3523221489495567060
3665188574701464966
7010845481311417490
6963568274630013944
6921876288172587449
5163659814605243167
8443245424736571322
1400462121478344808
1107182660987906773
5238511866928824590
8878004249002805465
734396266884548517
7141627349440923143
5428402089611561172
3616198368169025045
7731244756040833312
5888174757857327950
1534369444611196387
2653208652271244758
5440492025190021979
3919395530240361740
4032423197067196894
2532690866520278280
2639976167300213803
3413554243338768963
3178946265653006557
153731692021030230
5017373919827577081
3254494045706582235
8099658789421612454
4741846730166076272
9047830986625232636
7708590174557417434
5795405985910250996
1645439465917214021
63854342951019392
1082681758574350761
8212573361007371956
2673052449499498569
6458888286177068065
7788592422814000725
1263778457683400771
9037045052888393648
1811060100594646800
5499712077810300364
8568307332111481520
2974126566059473584
8879908205111022412
5759056649389466139
2174705234235417087
4318395216327887555
4094183366710302954
4674285146315524534
6431610690099509860
69111765943976418
7558373299313774926
5162855362955850160
5293750126341725316
8426854019721574602
376554475961614191
3128457089499510781
39830206991985079
4437617200174599482
8150318045532981270
4230160112546418103
6626265386829230152
5990297062689833011
4501006345809533470
2338358240047577430
4963967919517620146
9062552640440294454
6853687315296575157
4875762732022063350
7734578601844806884
3316419074709136265
8479227267001676185
6828099980270328980
5895439301192672894
1159868073844999794
1379852752665272668
4477446345235386449
1381968449948997906
465182531377291641
6626454544476600224
885012401284304557
3718303487095706467
8705918742073328554
5814550356943948123
4338504175399862988
670716762507160232
1811843464607562960
5517147664997158676
127522479263277748
6437931718087327433
7563222084127273915
3831857515413390627
6479742825089624461
2903298802306309792
7346392809860236410
6106726924823630836
7761664521283328479
8533735875468440634
6149933918941226657
7614971655821459524
382265968229091287
3062545343957825811
3048070970321214340
2010538664436687714
2815962687096728449
5609422042655699549
8938287828415046777
4761770100830514031
8171781553644026638
8091756629892183353
7872944454434242842
3343563134684095390
6939920185043897616
1286356675950605051
5094942383547970944
2034087469670302836
786601623332225721
5461591304829799786
6614075507952228488
5596503664222833672
1956031549930699295
2484964069961282301
1754815444629121554
8180608464855359044
7262808902555158650
7837092954424754974
6028028290886316348
573807512414580001
7616655622450412644
1544916866673621610
3821991241244287659
3283301730298865903
3706144375925418007
2816154882417026799
1982068372925304513
8821175253751511178
4133631321143276466
1280956557982917741
1294453550518081511
8946767700529215909
929496379607791476
7951448100689076373
7393764744362471621
4595494249116551427
4320287781202009599
3026443422785808204
8968497335425770116
7020834964994495160
4947579751380602518
75194895867868904
7116013423999277843
3340972196921813612
1418905141658754910
9149786777402907761
2770329236450853727
1031532731068410775
6441582532272672672
6760847310947178465
3374249923861372312
2868651535262982598
607871139295676933
1601029194596812900
5096580138793659250
292576065578154196
815076107448053464
4425530376893276312
4073811589398010977
6697906613554951473
3223856386759747143
7925653823470559950
2002229540899865563
4123248674256417822
5874839467622660770
7752715878739797318
2292066619684329370
612859066546271214
8730986912311245466
8777017562190569078
4569583202176398807
1340806756056720455
359231194410394499
8774044493803698500
6799141623046222735
4823534897158962782
317743220292948881
5890350121287283015
6472094088180560578
2501370500496598334
3990490861167985694
7327495535680173833
1289481806117863598
3609408440746561025
2211994551550151650
9161407723208858695
7104401467287452695
4765276313946796052
5524360576985246009
7980065004514445359
7460226132837401474
8574051218325192055
3962514917853910113
8149990437678724000
4478016839986195317
3706262722489967355
978582566669932984
8382908312194805101
5103109059220110521
6659984690545217665
1186400246327393281
4857747205455603354
2738509013247113880
2669009191649904961
699302069864357536
6332746996437337757
8861393661847875870
7547280716530793472
7982651401312876505
2468094837094959005
7678907330134559579
255506356751197016
4580828413592996628
9002321627633949366
4090001555696824734
1536926993606979060
9198495352516913948
3839244989049443379
4376629113940406203
3390183238572125904
2400282399254168666
2438399921327251410
9188542329978725190
1037327112974030205
7508300442840280862
2060199707656781059
5620800813803712982
5039095764688023130
3194268781219400150
7752388849686561577
8350582019441035074
9036754609496681179
8976135491757267797
3025651499881672150
3848268280091663334
6314904363510378950
7676835455122898189
2246305079466438931
8263795296330220255
58096330276124529
5216422336109251924
2387730317237573013
2877199975489126474
8207886800573734405
6024520464523962786
2531535146137115912
4209515097448228744
1398063460717927869
3349602357303455953
7569079570432798280
3661752774974243197
1946167908347475239
2649782750121708891
261105372686387618
3027545899358436044
5047382097748599137
458255965781886879
4136773489430955287
5064553636591917596
7740934843378032220
7326351210094419997
6027718795189440665
3686904845846675029
5620012562822557469
4469141774051537332
7950104128770327116
9162617266550990051
1840692737524674038
8122846032771455978
7340429552519719622
4529694630649296882
756687754243499217
2778280465821840676
5536344002765386062
4461418748017566895
7622944334797237605
8470473461860156649
8610177621038430240
7104062597711083917
4911460755864099198
3602980175013725731
2506174889612462246
4154775595439492221
1568221683160146745
858881359490576733
562228563653167040
7254787651940591924
608586357177115972
649382178411253509
5521318918740652541
6736479735921100648
6690259875892337442
991150928580465067
3947311057250263007
3339367709125331219
2593949191885121893
9137853826110732352
5440423881989870107
6829880139092820142
1208810820804242930
1056953849740327000
2687694731383440854
7626463224113495927
6782724553669285952
716377388115357799
3904981728643256552
1940018885564296107
1203828981988002200
7460024399795921415
8175407521811858972
3122535194057891531
4039170598565690710
596412222316065840
8029065629752959342
7702370920762264539
4989445282967058726
7823917780856896894
683544691206356043
2515915832946060702
1322620694884058439
3808996276499420783
3172862398771366356
4274360221095935195
5760822538956025035
330402015339082657
3442926884347075354
8521883806314000026
4262959691701880276
6197366421033977880
8319540461715499875
6299457332550531687
4671667591264731608
8613117003895566197
3063257199263626339
36180038614919310
545059308604802526
5346362459129552959
7286187217258793603
8457648293552400476
4922878564591913662
7734977294980195870
4132836743789134110
6246638992773099108
4234234788922836325
4198791206198895642
3250622554448205502
3643765953919720119
6642136810091271950
2678287362547703520
851278962233698659
1117059995841603370
2119699253599110537
6297910065781346045
3659880484926337723
5643228436516478356
6193352022396238711
5020291285296724768
1343643601061006442
7822700712338003468
5170344465968533643
3124404395704769116
3146410890370006084
1257200596414643502
5860712062900083146
6260859038752243299
2802581070769473678
2589250773296554583
4674650271220400587
2418936201578628555
6713780276453004352
8166082294249295332
5264443845264746744
2457994484205311564
2378361778892342084
2902981703239393143
3877249310084206027
1113232211421978368
8632284954931734200
2074328606639977521
3511466857126116625
7228856692788699810
1915299569386844456
7942593426642343160
3082611548344814122
2489335007869733327
1588057670931935956
4717656310103534770
6496475840194252614
1703201210115571015
3832409404085919216
5568070808915838600
2969596852657157545
4248415317727037484
701371331570078430
8653607386515264548
8404715932021720551
2906291894665003585
6975354614520181877
4253289692655598578
932746469301059624
6380223045356716587
4772082312529577021
7358093801922899810
1783904995761110116
855691156922423219
4349209943709271728
4538094685329606948
3688887540293079720
7019749211363167746
3883439441504038778
4851393089484256106
8294996611704982351
5800897434433844708
5394153713194063290
2125482660264285737
7906491394515490634
2900374276614535173
6450747358230065214
1286743904338398551
4653483646993141848
6618783974359183158
6314953027011975626
6374904584037869358
4378161837542555981
4095249235821333160
5766983593425165649
8580765824545352295
7960411034289583695
3395145420721879086
301645640403814970
4908308885179819136
8222240456761152787
1257522601276872319
2094124636528595100
4896818165317976054
5855670914922396964
2827340635576659826
1880828587254556033
1042205598999175819
1522431039205404
1119938055816542784
4963966371241668390
6576044635128812416
304434717333209577
5739443717972174277
6602574539086690617
4033828351205288411
6217684761259757833
8512497721543518911
7221671600760025369
4918207896901157538
2634934064356017869
9083786168218445325
3264652525424093722
2009266908983328542
5766921662619885465
1483425522271058672
7661468708854000062
6358979167921457945
4219085986482567970
991755998363057485
1384248193919974396
5087518295573441311
6107539438788654254
3754740447295038440
4612443871140237179
1844449180187038400
4833533374636458839
3529538814911873705
2039733451257960919
8712574451504267980
8006807758280909384
1338083068607384795
5042048728340284379
7104119263957249941
7800445668527341821
7982772171442462568
8531575209425296837
6212668566795218736
4315320842509810567
5844603858928374557
3817068091704564614
4234824921492975540
3993732473477601990
288064798058731244
373247078193420542
6667576513656731000
3725640541952269484
6702870664642171428
748099644805948995
4695512914404827481
5995653736740242560
9057386317874351803
8566407848080497627
7247340840095596273
8214231996416324376
8749825445372488580
5445604246067295996
4173406051094731488
2303840511188240157
266711578813699705
8145339832307039699
618836143046140167
4298754096821945674
3477526076366278385
768172367376100281
7916302489988809416
8165860467872008365
7611841085695160298
1140897818529965439
8088717532106433863
2878493893010291428
1225413037200360000
3970192021157328291
3060322169949919147
4542679804413908065
4396446315307570931
1337275675070140568
2329928131044381021
7934252415186265254
4882638908749375845
7250437001905578242
5819301020594944070
1730074017938219657
2800667793935993241
3435622204714540023
896526421432561429
8807389311319049329
1661654306744913525
5984051048409881918
113227273883282295
5304281068725100694
1687465248378015744
3097636764477770643
5294882702731891805
849856286046033220
5693226778746759588
2408225151806145761
1570698973932644409
5628798984478177560
5928944606932321388
7520909556117213830
6864087178866109248
4649404186809537345
2031471386692888903
3964916874126288274
3530878800158563752
3784608367969852352
1275964204245637955
6173730850881624839
6323094076846438891
999759446739567528
4674824223738509778
916315346362533914
6698123101908794114
6081595086324942174
1684466556628527879
2750144611272937072
5371341204513991339
5462685693052468441
792875301128719833
2388318950413973601
4366911772987045795
4625139630650312674
2393291875130995807
8797680493669063992
4822403729923167212
1389227445617225301
7600050032861586962
165578954452438385
354733378508921608
611170907851952734
6395465869583510031
3233133398880356089
9162595784271134779
5975597933266675901
230997785577134417
8568666385706840433
735842373397071052
201616664430065922
8326264216816908538
2618183414101205611
2838788339725006404
2056065980944000464
6233966955963931786
8231741223955442091
5784996668428055724
7371746085981338909
6564639845332996134
1990866410766083430
4236135431905116371
5596618027300229232
521502538063104722
2063199440354991750
3176010658127467142
3533255045041001762
5969977741158508727
299978402076191971
1240966495836485334
6203436178762271901
2463524089139965277
6595990951837508490
2679289932587382357
7499879870018008223
3652101114962398705
3977318442994140410
8088431454954603352
9104794244306583415
4350434017674593152
7154329306699202402
7334404418433609782
7296891245685052486
7818527988510713146
5945610335081656548
5884982156467449222
3542446967349892928
8395791631445641903
9026449385846207445
2847040352969429093
343520713921837544
3698239681102525973
4229390573947548410
1893590738799009965
7632452138339865430
9032073667352643199
5544263115752834507
3148654370391338815
2684961677690257524
4207994676122268199
6738156636560626867
2253590721053668409
796442707299028028
8589929997239339172
9094627544690345293
7895555208677700928
936894278260416507
2515042915205872948
7990400680315858600
8707518841483965367
9115439020188433297
9183233671299365107
7468249417284900228
6691142712684618501
7378767335566931375
5667448162781345057
8863345292671348882
4639226141410518739
2521579770771227670
8938415735517158752
5405998693973292216
1100180116693277003
2779659866333547486
7951047687613659635
5185088122614638922
8713834195806116186
2918756241411242412
5342302218912752128
9136969081521865809
8606446560401285358
5791617731429491194
4745594570447910350
2418913924880404168
14794336665477943
2195610239691565394
1565141614157734151
7699279632780792025
5747587791016145642
2765741744795415699
2384518257397114103
5314911027288065571
494496600678903929
1599845925176811818
4697982206007519946
7140454279585487351
551126930933973083
9107724882518148442
275326178145312209
7496848544746531734
3341535792015313226
6633302876222060660
7149401497928994237
755990644025481844
2426326451230374528
639800965368062751
6853860522908162274
8258113690403723896
799279229455178232
7623893489630091152
92665372800638581
638245282361987129
1237200971941845683
9144232522966643154
5677514679282464974
3136003216771085633
7564714467704535791
6106466949895766016
5596633250775334823
9082560715230626894
5024219120149260913
5263149815564137093
2405913724033700442
7819970441596382604
5872514186140301500
1876552379753403490
5699104102806579750
4394215153833382619
3680635093411482455
5892135188690930536
9022245281862841449
2011203648537725966
8152887755146861579
5460729460479369337
8698650698440111335
8722247030205379370
4896394597001674530
6183934748678557643
8421710721992962049
4974775941622053027
1959146035851784617
4702637181431701796
6408114391923891455
3480772069976342434
5063869675619037102
2667308797739796510
139642031734333510
7992731684623778369
5335351055633568386
936915208906525796
2693889569576275362
4403203926865657292
9176565089632237303
7356994181097978355
8936743674656338557
7741151749444691713
1931663126120459170
1944914332513098074
783064675242715173
1838077885291013712
3920224876202845978
1153454830403055609
4828366161199869449
8761829276953582620
7096187113494136374
8765808224937445445
5147026350120782844
9156598392172358904
2599167732633932371
7721240647924974082
8268582215350189169
3855611179809052139
1969128355733901196
8072465454729783943
3842255969662803644
3279272266567764139
6145361698971751167
948644147905813757
1646264947195703639
8093908006929534949
643117945726427406
2574027910502492832
951983159454372889
4803434288267164531
3464752727987327898
7033229717155629820
8425973287661572736
3089788751301743779
1250575926937651274
3532520325911450672
5057507321410844136
3340364759770782327
7553996237333354178
8227146449862572846
2596018210624233426
964057709014910431
7643309853477162732
4020378917257288696
1877677598154730526
7825607877138617856
6222747290785120050
4675113455035664868
5144829052209077072
6249067747067012208
6264111753769992896
9191862492386453465
6084469059217786062
5809852775527481718
3710413205922895814
2787999175306102927
7169563290547196191
6767004704771545166
6476888628884372916
8456339475048388306
3683902669769735213
5425207692210543459
8974094120478972796
5272036539753186752
7162788865553522564
6921384242213943443
5896659495944187348
7331588378898893062
4485769319835665552
3986147338493269358
3974348768153812336
6452582413171397925
383681186863759074
8465880999520129911
2821012084573707595
8476791216281937843
2216347426938080875
6191417721693199457
1378242002114654431
8060544910930040722
333693034089073087
2917777517589313106
4926386580209695335
8954811103485504826
1845656147348361299
5061468820441735202
8257068441230127396
8391840861689283316
8641801908502054079
5195675317026469277
4145140943115689877
68840038731836700
8528840092637548285
7072525116688194492
586522794260302268
3066437065302305375
8767606913437591207
3569628848657331440
625659691599371104
4541205905075313658
3994333053390693692
786806369963105623
6439558304218078789
1025883831942399488
5896158216145313883
7688983254966873860
4186286500610160757
3640530149737764756
3080895426668563461
1168554903333031482
1463020321846915706
6373860111475522346
8577036433602995423
600786479291284913
8543308223890802080
5774268093575147210
8730302003742351981
8933463425715026640
5064515569480299063
1980440805560280141
6763367095028248920
8805858686943175152
462665140428725711
3084044875826899357
8866321046377493929
3286101674494073503
2501941813510945147
746756059024087289
3212298229759776011
8643355248330410970
3727301117306581006
7608900745064632622
4099143939539716364
5695434711595407441
2903476190248311904
2148254305923741150
716987566085896539
7566428753303986854
3320585573144643464
1175893054833063868
2160035589360180747
5633323808882088366
1372713449945378595
7575273241655583950
6743313415635200462
4764768175277493422
3360451996059194252
