110662439274281202
1219342824459802851
8812109216849959512
1864594878317264833
2554144483868964831
3175303830966623054
6209793167878448413
558342380256331945
3528459456187436402
2708714524869906767
4567171671714865682
2530259474813464878
2687175139216039600
2186212495198037095
4120684102066269896
8235700524989535909
8906024434028076425
1244404731662347797
2546343097951181406
5098242779084737537
5518978008074468376
1424936129432993036
3663218184851770554
4135762580233794316
322977863160891360
2016288522965762687
991994485243811276
8595817497430244780
8963111855104273678
4682392861093554008
6145818965497226448
8746114348784637729
3705593168797180347
1088472730387384698
5482542982612903818
3011747511597151555
6396235048238545193
6086154946356945156
7967884273904701833
5019416130073973190
5844625107536977667
4041040600855612814
4430063989610384230
8799972672675040119
6856336467974765215
9995225963252586
3046953760090147332
5754650656154562429
1707743722399283773
2440652476723695846
607749139023646159
8072285474676189850
5715444272073082438
1144117287469765511
2094405551929264639
3029659756559409770
4061905947938086031
4156746604878935373
7085979375995057107
7035471032032245409
8472855199176610710
5875038235719817716
5941488891251849688
3499874427422321230
8524164662043084225
3708370244613317678
1271973662729610018
1142250842380350748
483213323531543715
3674004689727740651
1550551043884439183
5195848741986319501
1698978320667653177
2493443183373825682
8297885515742104073
4112839444529935679
6770655079030140454
1924712988421117511
5535299593980352962
4342351786062965801
908834931106991357
6590658082967919909
7692716736027002742
9141860789492512732
1004454922843930485
2256831596389431171
7075715671335068078
3123778489410425283
5650382678352724915
5917041293194135601
5215303200514609914
1942259336264914789
6089887299713739397
7108247123773963705
5683841823308732724
849855158934303648
1468519560734524067
5393645149270888352
5288916250706879681
9731061464903661
2487472668333894639
8417589988476593060
317746093112434640
8621690838541331873
2449412774278664883
5833616922180098813
9165491675400560026
2563322460081506087
549381283630797543
4888159079918815134
784363605513646498
776860047687686472
935425156654138217
593429481074624882
232644738144153333
5401477499867968613
8278313009671268676
4336487371098035105
5550551459094941544
4622578605059831225
8965418135540830956
993669266412296650
86309070826226398
6634354687660574873
6378267870685617022
6838121711706858824
3068000253517358721
6539671228016037813
91490324675040770
4364528004460647024
4596519268421559302
5346055665398183510
7878976933644165290
3582521033336993230
683256261487524076
481915078479948192
5250911487743926290
5344428160273885549
8104697537118135738
6769621830287456719
5220445092947698304
984704238709522957
4499603004052178245
9139096522879624059
711928278957452066
5792102685904252012
3378626472176356329
3746638256085762261
6594897778416821588
8120145669443891840
4990602537183506125
2571681736991466217
3181212169451421657
8648408616370727097
4054457770495406882
8006219635544117980
5937757334798348319
1642235387973911361
7024195569105626466
1142354192833018670
5479939938111610238
1836741256742376253
250368998056720530
4189811188767848695
742906772844360823
4551300980901899275
6911522135065382274
6239472571974341930
6467266498530206198
5160362913445539971
149996573403652617
6225357630901380566
8162645024283539089
2438288972432476215
5867908210754857035
4112527949721933665
3814167357932777928
6429758120395832501
8288338986283959797
1355238790553247182
4488464684945945925
4204485220884348609
4005354069962161021
4520989064960904694
5003911720695291931
2740595930484085661
5716223969078293348
2926699188680089296
1339159386846040585
3162174525576997443
4292051587157670261
4416791143076450986
3560805799384094390
5417213361672591528
8748648539862080005
1860856139454728303
3796637104545429748
2555352229735448824
2880068407772817715
8994239715940332768
8165269529690930686
7792957662415101662
8606982632681271847
5627211561361572829
3864028276642990267
4367654636212681914
9071784206727302740
4939270951654334876
2481595946794067195
314916411147522282
2399239750029976759
5368298304621636589
8129196045114079926
941098516617184004
2150926751344218391
4376781888122964862
1755118708087122258
9085943032089499928
5370439667797340997
49467865251230994
8588878567160777435
2011691061818232048
2087687451662509659
3619425845012615882
5606474763449392971
7135519796938344784
1224535666778710014
5900484718212650334
1585349062774022081
2946606033980804920
9158125537320974238
7498388598364450146
8468001595548481995
1962073167606547231
1762778428982973875
168179403039173764
5315997764686983838
5187649745934819895
3322398632591379199
4884714697061437129
828850575406936666
5676017035243626414
2007606349141839824
8759672648670145493
1011966712031180616
8520770735926110696
2821387773445761852
4676525370708824098
7441705415440101661
2207011921884665799
6668620505053413988
5482575678878039621
1888972534595011638
7777674417002249701
8513059237232676787
4025639362509985838
8035652883938014428
674655232660696022
1741768276690797086
3094061541208830053
4334065514026416767
1211330907389841769
4040513896702166116
2690624106805936976
3437337638949452541
8073243501916359653
5593119796014541901
8476898665415858282
2373029984258584025
1646263192850864974
8985449151841309165
4465078926769523595
3469658098121172869
5758135699521404830
4143070877658091231
5405098689424571940
8961301092622224539
6916857589239938574
9222532746657457547
4276027171509432449
1227636361754389789
7303717544216546893
1347763009063866466
1540465095386628871
2276999932488484794
8316618026771558340
6047772547193469214
7969997382241279861
636938312727868682
907648728628618970
3428612145249736709
3363103576611162660
3425065148258155214
7406664189165019692
3684695531903695653
4983008137538739017
485666221567690547
6097031614120576977
6637726156999357846
6405726898886582320
5428584191435117581
4614244533057890974
6109037372755556029
863954852117177472
6446586025583997470
6406009169698269021
5312601578481715589
7457081661256639355
1421476519142243406
8368226550227479061
4204766579379698597
6789183133196722492
6562213761895068402
1615488741578152776
2385845068147387615
1588807294165363704
2551014605294714630
5143905241307690285
1133714418408457788
5415712604818212160
4768353356340174197
1176417651087786235
6821508128906172754
2952856825805091643
2968115861577544270
8339382376600779808
6203088389435500416
6960138639107668462
6423336115541066765
4104808467738944899
4755466533819633966
1475243507857505397
8386506261785370330
1840335065597784775
3607966330733423888
7324805136833578568
8913379982963122115
3719182757881654665
4103583430711904097
462021284282858617
7190026471659317250
2264204622825896095
6188803645166651690
3663449896600860402
6593469325044758587
2556712968836300120
5676193088003917690
5738089040311976378
5180867247888004027
5012078002764398784
2278551919542516396
3723438269473588782
3182255067616365500
6663440928477864154
5174330212398521766
5265948175360154697
7559690962268361374
5837490755871259110
2624827813739279638
4501031877826298846
8588573861561579309
7653282764919747482
3621764344432000693
8167502206846649818
55135758683613151
6022690269180376683
73416518797559941
1062330604566576517
8676400061261143572
129860989070952643
6092741751021350933
2240273293321521599
1872785895361188182
3792461506242286665
7493374480508783033
5678020681094653508
237979615728439960
1360699379941331742
124552360198877140
4959902735772740842
7185117871409647481
4571576536398832924
465073778402769423
4385672486692667104
1283297388882230656
5505671031019654423
8966974653281623201
7108392134950311407
3124656371183185246
1987423832177333789
8610115123762769799
1760103613546069434
4400104529579836977
698245731962364088
3531845195001273802
7078382404035638527
5517372096168716477
3729052811042347048
2228697172597996734
2606888489308059348
41900197707856562
4339857190815551402
3390792672744950590
4168217499635657709
558964319090153963
3435643379335677878
7202495884536027379
2960867805660120018
5216292199165212587
486577338379868986
7722116553109771660
5955823564679181867
5760535326804450271
5007438114772964578
7206607233716307973
513749650009664502
7681887958137245792
6777893233068616785
8156187923319680482
5688184675914256588
4627405059805951024
5123832821878942567
6236688817851925106
7249228646272034
5545499365810878138
2601135194396212090
5733199725082013198
7832875980647178883
679375219209288468
8079860994581551774
8797352389830368601
657429034678959832
1639266680762426173
5893270025008789727
2609796842615259263
6999889218089411490
5228109421869400929
1784198020000120196
221723796953002615
1098604488774026300
8053962581684419858
7215177742366831692
6020563720626374723
2991897429454177819
6217439861730132622
1311722764090925745
2674557534553163821
4300790948791806479
7830115885992215037
6994951577495848233
1295841885400942857
7919740047354043777
4631742116284856498
1231728032728675425
7995975293275552120
7220510942631637941
7581878306366418535
7537606206320489090
617145375956193056
3625752665733089031
4369177983222700163
3056735774484602991
5900482332766690806
8367483648996459055
3539751318140757333
7395235196874038018
9019495925794772854
3654221493663748479
579773776273911639
538182750024466515
5533737386830983655
4211957454095203361
8622154529440094317
1880641251371179251
486887910277887897
7379204098469930331
4550772544440716581
1531898062933950762
6035626904989613608
3003521630295471564
4527126808930840567
5036678049125891647
8516307936558171576
5140682471745039534
7176961135728946308
1441440514334395310
3191246074913587256
3867727832879257876
7959315697796444889
9222292984680240240
4333091372322668705
1855044702666193707
6720444873516260010
797275210977422392
1653395542858650166
2033159575947283834
8914767996026089113
3696287995522362546
3786120092393928644
1201618491584280099
7509256805500723054
5038287417967557317
4526045735358042848
337082545902428193
2420479128155119454
641589893087458255
6930353429742777133
5473287100830547082
9210495877051835717
2208206772914455277
520923950320471445
240279566658661325
5390108722603268078
931920673478139442
3799325790391982989
5474713062835162866
8619531412011508040
8819078429629115372
8098710465540923987
3227749240126275806
7903344930049501615
269297777088401380
5474926325862097457
1721142289221744526
1319166150618905387
8961971560983634076
7727872080470027705
437558123538238808
4213055938159561897
276056957320119440
6527386841137686792
8262883732600681007
538609244612752709
1432584300546996088
1528374039664095493
4452955560379139294
2059165002182543234
654305211783247746
8565175995364977312
1989774915353531465
614233143393309838
3010365637237201561
8374868660550875669
4254634631990216881
3407748792310388609
6171786659966094242
6356039936578134568
3936715510343644398
8450744234855975067
5909570466851319740
7753986761457011561
3337026756483223476
7379934055213668491
1528638826340414333
6306969225690116975
1801848168038503632
1209450925211456420
406971402655842361
4773525583470265374
8150455362860568170
5430662293141876007
6262684458507557180
1822762277813555939
6267247266454603331
2797549253791871614
712725252434567436
3645544473228691444
2357513694131085046
5706839337221187196
1338725684728153770
7612767248231001490
1062240971447948600
3646215195984692383
5233363093826640591
2089243758105192264
38107011205081369
5916393353217616976
988496340160990513
8290182410232189227
960564935061909314
3973458135847744544
9149156549324050877
1501508883268552473
5805653459706513974
2366304416008103178
1494820991164034524
1732159184872625148
709903153468394387
1864931023826263477
5066515222999756208
2378728697683904774
7250686014436310352
5229675285280791985
2087974179086369109
6380145958439304436
6026584199676039934
8066152888346441910
2045633540551688738
2896200066776789837
7530104436121912073
4737640030136152554
280171087201165287
5422846025961597858
8052650664733231094
5664745664884899609
3375727980677396015
2410529770907162829
6769076841713174948
1318446675220706300
4620544549473356157
6024191004344565812
4786035697175342733
5731431213611144565
5679885054397639824
4732915832148885764
45758024834782467
2874336355587216591
8701713799649660320
6682948361638151032
56354704683938933
1806240072541172480
1227035215181228960
9103661176460120081
6694602548264003241
5373148758421785575
1682101962185438076
157818191507082972
5158383810547849473
6580479958102149520
4527898872389305690
6774231783198977714
395940992394716600
2907542924039372653
660281859006194138
3347136664276431985
5997535336268731684
5942717647162109340
6693757344339771224
3409014447182131781
8430328361776875251
1893589006630530085
309752439646144294
6361054355632023267
8481436101623808880
9127636275873152571
3150417499432696532
6814423978016507082
5145974055967028412
7162957744231599480
4966180132798497130
2807689582270128514
496396435174262807
7077591538189339938
2797908865976605866
4819200947043142878
1756656963721901846
5349009498010748267
6293705238772352592
7366182931064590395
3154793918571821292
3920670848951207594
2799271358221317459
6552444335648888256
8246981281955732387
943043867046921380
2547057434945915683
5918910346964039582
8146985496242505057
2850369176048081351
7721355058502002923
1310837570379986768
6636273526256311718
5905489306652865131
954742845230132430
7181883959640153305
6165574241304485514
5241907145139232785
8035699929810556715
5107018632975007242
3371287979091561985
5926491641386226853
2394640291011565530
7366703429239500218
81050668498886424
1135711621163091390
1314102939674903406
7585378583158297358
339429792108034871
2523179623384348634
6732675627062014066
4531284985748514993
310764144878596958
5311398256125145508
3408742554630634670
3232297240814806042
3001209183838230890
1882427873823790896
5714109606868564578
7891625383302857930
2129022675282886990
1790625756372725051
8435945641239479687
7189134699401694093
1979042371626756700
8131221199809905773
6389794204667674898
8119445263211092406
2312194843235258492
3177800015269481624
6262477333874162738
4399000504264341605
5095938490697147761
7235591028273876984
1238386699286478735
6083607814183536578
4138066006287118873
54963474628941426
2478380866048115339
4485094240969414208
5472641952574234539
3821914024518250711
6365538658335033474
6108238942104248285
8181404275077507320
2228161856351202336
6592981381104117259
8129372773524993374
4181943626196890540
276137225317166257
5542386867200454198
2030154547467537301
7100278671943373195
6993541859662000535
2613370925657933773
6620791716775096989
5350532456213752246
3473149843128025036
9086397714055604885
5090787735941920025
4913515024989325798
8598437624941524336
1480883254388425868
197631081105629050
5361694539517665197
8443784329130460431
5394973811081185066
8206327005387566904
565169771453815225
8581222051712964831
445748869351234722
4667514051686640149
118009613515763986
2826492654664343040
299816268103271711
4826548482209946975
7004953365631162969
7426286225572771772
8807357098612792329
8871198772947060013
8958921967732121353
1363098673772206790
451113790493902144
7654599531460139934
4075309321888489144
6393213355624386684
6605489911676174941
4659390698946908191
5453441164559628372
2100033902207902247
2160657445561544693
5582462001480853155
2502859002203200359
4568196440863976504
301640238014622423
1220109161535749866
7305580573863280980
7293352096052468106
3321962885246590282
2416851276794610621
1992767734181514906
6161708057968674468
530605274166850642
2463589187589308973
8066918343517330446
5290616017012411638
2991092524249496810
6574989116106139865
6888684289005463586
42041393577686552
7562805315122506057
2264518735848681254
7505574735590322211
5659405520816707344
1634573422578236959
32855978767049862
6912331833946829172
4927393169874047882
189901263306598358
8550394551226738612
3181745253754213077
777110299084245279
8133277566480201683
124719796447610356
8046740050933806496
8487213145578676881
9062475279850523060
8073530232635916885
1776584663820431112
6103674666740208394
6596742015313236113
7280559952493200624
7242138483747907929
9067641212728637794
7326244707940944956
7371022170013004327
346615662698343741
1623411448563657560
4368946067931915907
3028729642370148841
620186829132993267
2126814881394256085
8568537000855140459
1798288781127266026
662143353687350167
5076214742151100206
8211244553517102964
8099718201889830381
6477596598472962655
4802717719538492512
8076089355622992601
3528802613479431420
2190163238127130074
2618882201354596948
8538300179817564366
635161188497836715
3685693080806058288
2204525625489074714
5230262199369014210
3464060863005848922
4598441785611545958
9042050777956964143
7771840789590921116
4097550938894013042
1982958985440256665
5695527999944829625
5906833246349707008
2558099913723817380
6846431410318840128
6241886654558340807
2055701831160191113
1922528828832311343
1794842141942283115
689802184183706003
7510474381261231118
1335657463438630937
1457896822105388552
9013603223963414721
3125526037518659550
2344270061966802802
125950358627723802
6512520412998995103
8473344650565524997
4709625555373781910
1769460777248210434
2254261830689930085
4964894654085302663
7281248539364658281
7684786699170571960
2787637512870884468
3342727381770140578
52188362624385946
3904539787959771409
3253615138651483033
5099692272689408270
1187021819131145186
7813533316461875960
4854756871036859464
675458798135502653
7130462167118350404
8888912222588966070
6995505901286100194
8220909679327496605
4289542918421334860
2238791857437434411
1173748721867985394
1805645982519731922
5675392843822251602
2045703256673793044
8196662759701305705
6695536373789771263
6364047731922391222
5040498296224678213
2937116150444094951
761851687552644092
603738867041799971
1250971108385761262
967672421724905971
8618013704514748574
5318779540970488525
5339397725747855064
6470717223813927743
3352162060709045235
7603465077818013877
2012388741046980263
6860703253634594279
1893121832538278789
8243773569338847457
4519655897769800471
3350688134387716016
1177792278564753300
2353132417942582694
127495702942344256
9130329572162210635
3401433827332100190
2452720177667578592
5524726525021218771
226186504322378641
4662424650281122649
8078920344653456694
7506048685546515036
5381042303840659141
3339547768288999540
7810860669299382616
91132851816300672
3420044934000568791
1682643808332693339
396671724088881986
6716958503747784766
5699249095514309534
4514776341244859570
1129691460248110457
2090665189692695088
8695616292162811930
5838581840840617815
2445095743224594506
4263701039733955272
8587594819044047801
8191679024401991073
3777185265003913487
2213270327486913429
1990447025979053712
998219766519022245
7752344400585197931
3633167402753739901
7772020447306133407
3307849720591721325
7992154591291031179
7453284825965251842
6893373975560175632
6106376387097197633
6996691768207741028
7393294606136593791
2247473061868301942
8958843753756829152
769664108366162170
8349486090172485738
4809926257896378896
6939912726987117253
522890577906205589
3123336559989887889
2680766653650558469
997042184723532900
5225476121044061194
5159811073783161183
8011986665268425894
1858613158205085803
685460201665553914
946942516183583253
1924820493960192689
7840324298571695620
6313124168111430668
5096506771069912339
5447815720362459786
5078677823398290191
2725886973705385779
8276612490851727886
8831553177144510337
8032847420926564714
8231306260964228588
6510411895457641049
1556474607536992528
875556438257497130
6653653251266091902
4928010768634901022
7048880648692442652
2275839270969789665
2773158451410186041
6665656386006301092
1701644655793289265
1226021304695529688
8886157938207638457
2515205815934283400
7164386646905212616
7762852472398958163
8333065897572511267
7488304014673079557
3059868929685551747
1993710867718502866
4612270658603963748
6865958753298497838
