6513122538752947448
-7011152061069394781
669907901893001982
1430277549441626177
3515041828347157444
-4907480586532259427
3921254683315305918
1229498799212794195
-9027572510987798419
1886477891127183689
5355143780148947883
5835400339449794086
7362783120719603783
-1814944849071813628
-861910101898902060
-5583816595795760541
-3260615713092402754
9089820974082413409
1124372509925948317
-3679337641238513113
-3416341274488446259
-6826321672468523866
-6480607023142049474
-6577802269721723773
-3839697634672783480
4068536401437895503
3257033297252769345
542294441595127291
709574670660968594
6819157228579056522
-2430409686899559416
-4974977767555106040
240564344947294631
2444519568774317242
-4221217326569737148
2099409022350498454
6190482051962372116
-2438419055854160907
-170302539383632001
-7850986539168556922
306139978851952954
6192061638448842374
7452155990591955860
2630634575477114925
-4922499309739804401
-5233811317860094869
755383529292583473
-1011951457689299244
-4936517916181342052
-8508763287254082857
4408799547163633500
-4286619196806343114
4576849321700191360
1927661291544166065
-7023695815701032981
-3098029170910734588
2825691227696984939
6740461796770152212
-1593828393391071222
788205613728994148
-1132152348482702172
6899080266870214605
-5922460543768057415
6955382994248477038
178010001854316164
6677258929272280032
-459954606531321012
-3652208528439188050
-5174015876135635719
4101587630772441092
2847985420642475497
1516929780494081445
-8778189223723175932
-6048117486266602206
258155372899552269
2070094595642186312
2460013642844547643
-6377301581700379942
-5640092345750218744
-861802973377441153
-8127186806544728249
-7354251067982372355
-2335426541842363780
-7662150075946289753
-8880221645876463001
509879856435083028
68574482056986850
9013509094618187281
-4997885247735204628
-8419154334417986344
-8070888471979494396
-7718912249903627391
4909409903853749435
-3842999551826409800
-8308819728657379708
-6004317401974299217
5267047904783678158
-122016487669011626
-4538547070299106476
-7332015178029029687
1949935713389834675
-4325435922912856310
-6787769798846786500
7307736544322952687
-2717109785302406133
-7101440259544936867
-112318624637159336
7110589552318556598
-7128822466786163956
1003775534770200719
1424016332855825047
-1380541977917085018
5886277490083833088
-7515212001202566637
52514219463968829
-9078907420427711044
7060104593768244164
-898251801863403762
998775795277104993
7254517890427512553
8450533602994672458
-4930541215999429157
-5585207574792155792
-8797957464708621424
-8346444196406282217
7775921679872289161
-4234073694173332056
7612734609326267660
1694579719091914182
793558172654898267
-3504070181649856610
-1524866858058009816
-7317395499797041789
336746567038702151
926204449587404217
4669344191277651621
-2490759042872689520
-4446610779084620936
4418990251217861556
7782542118984391607
-5289910645162751293
6017981366795265741
886450258726059296
4347383916834368648
-1022152245857666810
764943197723898967
-9131788766721735713
8596493087677109172
-1047114131356041258
5196101890068871135
-7309067749045326165
4679817909169559244
3932971252541607365
-3349695166677828771
-1142776768144253043
-3580720841298992941
2154975145937516025
-631483495495528062
-170879998978452890
-7730978294536536892
-4230902336737202518
9077907498825906223
9030785681149936489
-7112791480215396342
4257654608410386343
-5174075996856153348
1151729654329451935
6949905522042553606
-3476803030515433262
8964097826916631986
5153054140078369122
-7983357977774811764
-6942519497923065697
-5946025658838509871
939714818138985186
-8313495638280919706
3592410352946408089
-2721825968147693045
4964292207855853731
-5350348171175052080
6228170726630057438
1277358135350039239
-8832784476513451523
-2106223327756684550
5004648214351340446
7668705807053315743
-5779675450760733285
2620610815456221322
6759500950531433887
-2169095505133938718
4333021554793228284
-7177534267618921961
-3931584409639811908
3148302407137636371
1488618588810414581
-3649338714654424401
-4992556089110675615
-4772094415737124248
-1321809211593091283
-4003909793713281455
-1373155937449338863
-1626180736615874997
2484246155984835744
-2024326297997984652
-8048507576170019871
1706411014651603421
4748679751980830493
3475474913966301823
-3481125121101977350
5800916161879905390
-7023294857841524280
-5316401100426625458
-5964605317712810726
900338334820540678
7642838009354685592
-6558597656209401676
610129275907560468
-1100623165803736864
2061200789815540442
-389106816760608781
4579216274426867275
9000443731865245161
3125995626138687916
-2396997718939375035
199086071802140475
-2006435041120357051
6667112998607412867
-2696196304221523881
-6892087484710304783
4680721969034541515
6323272466007350694
6190253851161589705
4937730518547505549
1522452593400706692
7935967386885296304
4977333332329887151
7488161984653444039
-8153907592212096720
-772391157818675950
-4590505413157064429
-1364101308290096280
6634176602702073024
-242664434115376498
5801044459576790384
4294111727642389708
-1299687771983680547
-7660856130403198531
1917635421069206840
-134890624483615129
-1293116353232977056
7084633932419181194
-5332107054942227376
452038537163650876
5712184605306250456
-7017871849821044043
7461770167944303247
4614247604410463591
-3086505249429534457
7329594844137899090
-5867655946991878590
-8319259740921453419
2584000537511690853
-8948106981678078905
-8261635842459437397
-3310480297838183289
7752033863172964252
-4532272217317019439
-4950571479451736451
-8253383432267821165
-8443786601399443958
3769107924678600703
-370941246528020894
-5198143252669445853
1329267576390667330
-3069827614365360586
2419011830189039477
-2238237424946791373
-1198295668698514293
4269314971997811883
-205161707386866232
-783834882840690217
-7096398739695622305
2989727734921142252
2616354248523522784
4959733891819431859
-5746014109642252819
6189273242067877464
-1248477481628411852
596413728892120705
3210213549115436184
-7572030756462002526
4843118693277041073
-3918857216302770033
-6239741063623635593
9174265304510682706
-6282481707707621319
-3068695078515865538
7744490379819739859
4967865527907436612
650019995332801567
1133628138392088196
-5127374822327144021
-5542449692865873113
-2227507165035300948
5930450048931711339
8238250085540328499
-3239679143779786754
3588644699856710046
-4138965849534598512
-7501745795561776048
-1745862665053411165
6542435275331086244
-8894319534848705116
-4759944636964196834
6034749806084705855
3620262977086200035
2164129485320939247
-6800403469190800789
174833530725590995
1599188268824586356
-6701307754173722168
-402292209543421639
-509399773492965197
7562533735714607075
2010377337676470046
6887652409642468415
-4332493858312380666
-1859502930057055822
7711401852611650546
-7469151221056812695
-7896464503557658041
-9021447426487139372
404971874398316506
-737007795705262764
-1085115014501162553
1554356818859002418
-342696588938701952
7335831280692291027
4614004925268914984
-2647252202008141527
5757976161527588641
-4114905085163187091
3931079100039725283
337541943295662090
-4304797506645176049
-6620258851551885092
-573316593620637501
-2179482594980815975
-4258011906775868368
-1593320692010749041
-8449100533997659544
-1677321018356223857
6950946411802668668
6010033401151776809
-4398820229797888570
-3672842758875005416
-3313321292678146174
5310686776016850943
830789519141038499
1546189891628902486
7213059157636181732
-5994382706520200034
-3622967038363047396
2706345147563981532
3339864099576824534
-8622596983176664508
-7156054050983749856
8828327324041749299
8532434114232112803
333412280926700130
-5523000341845493005
-1157777925752046760
5392035970760208680
-131202825766146528
-4219594703106144083
4407977229613933628
4966762836886944599
-8280651391078553383
-6997070289446870343
-9202691341326602173
4391336445492637366
7966752793263571610
-8143110161166683817
-7519921665959092794
2443921730678756317
-5552745958811270489
2796955825742874906
4592509277216907665
1521369245600076028
5376802227976641015
7277072149620318570
7414729455958770021
6842087364736763986
925645483136034227
199154029906631426
-1382394382977008009
-3333842583153015113
-7249100776456207941
4097632392841188979
1155253772461756399
-5430010521641549293
1617845727707786017
-234785875314304352
2303721480809442666
6904755714344331236
-1423924180225396053
7570651555618507584
-6480479253720864391
5222861410921003965
3480441571901128533
-4709024265956855968
2090931154977594400
6509247432253048257
-3573412922569662259
3254110529138378718
8743541318889921880
2439243622387732780
-7099493888014519818
6717717466817902063
4226329483072606093
8726190564168350410
-3529541617507677339
-8655822010241977959
8747568398485781024
2245709338400968574
8647878550831531495
-4511573061000687558
7563292859148170214
-2275569704882210115
-562773890571416327
-1153955829818625
1323132853012192679
-4889168387123264240
-3091608810663771826
5832775481606042990
-6920772030458696544
-4447053019720686954
3927438163577482061
-6838633145899002915
7989040942918485249
4198136187644219775
-7927409448378090095
8626492296762360312
4547302850500912240
161772732653947026
4301749948989253479
385255220988197183
5151159109356149893
-269827807626709592
-9025435048387823789
-1006325400471124091
-6419028626966291124
-3680702546156188626
-5213886227270480501
7564312832227853682
-6294013979903553594
2730073016740914087
-308178693504147846
-458202866840396542
-7674496296368422809
6063298302147356200
41245561531155775
633043383797669892
6351560454587505049
-3404352945045795109
-1240922990715017685
-5334248314253742435
1090800686123593272
2360759987648706684
-8964457855729098425
5512191477725294018
-4391851803421273067
7442486732933020639
1535632370313729228
-8010370046542443071
-2597620008376316300
-6121414818727240088
-7605833831952732248
9079312471459537081
-7115305237578364787
-658748446327746415
-2303950339334794240
5798279575076667676
-2056237704164663282
3083170097242307688
-8967572962746316376
1044103846120212532
-7245230809090719849
-8497526066398256114
2700664522513957037
1730022118790386844
-1205293031968716484
-3460100530037075911
-1636965033363954740
-6161710923631714109
-1105154082225352441
-2582816809935958350
-4007716367005320456
-5812439781912319635
-7083685535533406348
-3084001947413249832
-4210806972421890600
-7078004510653864911
8666671308609385460
-684116224585582052
-3554289423393884602
-5526302500419746309
-8255462497223286934
2059307149728771715
-4130732086691556655
5200718100550867340
-5361691755834110287
-8547331130634833625
-6747150494614845124
-8114473629593803275
812073139878014227
5220027481523323574
-5018135610090510083
-6608793397580028640
1290370749117859539
1205728133709066225
8440144680341700031
7038472592199191111
-3835985718882815067
-9180958033969741777
3760184011055800800
2380948014101633147
150300470644412721
1597194332798923735
-22266561317969677
3048854289885202718
8284557371865697683
6139046971145507561
-4311902702276892096
5708072840374403689
-240549604857953826
2381841119931485046
1580907127211053887
-1782378596794720793
588635424246455444
8098036778903330852
6243670142921681441
2577634299039907576
7598967496022613039
2723275696481314475
-3974299243236599737
9046608656382277967
8907282526722922908
533111607081358938
-7601727186331953976
-3448563033902528651
-885525699232324933
-8849953651947936110
1089554165994858224
-8014100652853046972
-1563701968638778144
4356829310906989898
7675033451989285051
8169110798931722860
-1748996861987739819
-1371670169214440054
3289446103137483102
-6183928598215773967
6034109029880092118
-2144182549445933584
-1796512693871669313
1668651841098797994
-8860302724443235565
-6161379077885923538
6390887052573400312
5757764154545096900
-3331716799412614351
5906536581333965449
5558484564505988824
-2032037803769336770
7932033672251612746
4651342776908333148
5104241037477937761
-1309873437705470357
-7326781444633937176
4985937424500092563
-1190140421901519285
5044565384143231603
-7034010917321109362
5857755294411007793
-5855562484895937152
-5717905368034575151
6075554597833212463
-2004028461912322358
1667087991375700382
-8241830356544824874
-8049282857477644107
3267940357689404169
-1685387705947986568
-5441355834262649819
-8614933905284418181
8790046505318134059
4623223509545932693
6645229106824684341
8876368935110335700
-7417178268264012669
3205437722413794480
2864220157653105106
3966998495912423554
9155619829791180020
5164319633266809398
-5575983292319941475
-3227979477143879105
-7432302488811090566
2754981943818733771
4862349047113808007
-2593016800665262537
-1467003554675031391
7213393407097796293
-7188202884205622950
8324498658101317004
6178311619074363660
-2856002643137150289
4183054728255545392
7610185830316404945
193479118340340720
57115216494384584
-5085175570485388806
2027004143453899408
7709849874352610198
474153356075239041
9027200543165769210
248501145957294532
466123805832195036
-3044673288794551549
2995428349151329353
3176482881816536159
3310699875702516405
-6838794055301104729
-224226093598497710
-9053132752055807546
-8658753252172413276
-3115753820409109125
-7624600706338698411
-4515192390767676080
-4546428881674298043
-1605544212711330620
4497536742349187813
747045695646413002
4689355012857825733
-4269676190058905738
6908658893759627114
-6408324771036981515
162907080359527269
5456930459776325566
8031781168828124832
4294710566799136263
-5947630101924688902
-6604045739067437447
3325333997648051734
-4937695843454406106
-6291954178028163472
2267990682881752506
-3216317749263992400
-4086112747974438928
-3575234907993469630
3230172672135361352
7144986005450156582
-5319952511053508874
2124665059497869572
-3259878907297320163
3259567893712010115
8196562656841905212
-3516996642555672870
1022169467639712232
3770300780773159846
8648051327476409531
-1863588510510694658
3387072103817080716
534367842044827844
-3866049153626738720
8691241864642181950
-4785181295498806881
7555154547241887716
5585541103328094730
-5916680994050761349
-5321050207384003092
-482720210928149662
2489674117537797903
-6567497209984235989
-1221269176462785295
-63849867689688724
-3695857773878205256
4652287560200803031
5718977455116397666
5517101848328643208
-8290862603302128320
2689442786305256606
1393676082894805412
4177470212268374028
4005749382321240537
538438291561834160
-4867472026089464749
-6717543433942469979
-1350343094587843289
-3820150732919739179
8302422745287385276
-2958486087492874031
-8356717962907910718
-2775409427100761628
-7992083955659632029
8963585587200525668
7095737031984724153
-9051213864767877556
-4547208620596457857
7945511845289635335
-6181953477909249014
3402678982267846286
-6571031078811228551
-4454754159227905612
-7793500408167835349
-5454111024007548480
4090293790380569201
4459493488591003452
4222836258670079876
894471935944390668
4088284150942217145
-5623663470978726975
-6195110760423946510
6631478869584093487
-6167142837642213544
-2283849725149220548
4355070989534462534
3413431346255567610
5339214178556766344
-3472233394116854536
-203755574753406524
-8914775481069166636
208023228656976696
-5741915491007873515
7327127856100453797
6313565522717668663
-3855558630429927798
-4852900477205056506
-4535424198066102123
2003929594600897071
3546566052473775958
-2691313537750090477
-4787296821679758795
-5429048727184538146
-5263724290318482778
1380202835582721240
4051001629334372762
5950665462732477946
9096058227594612792
6810151109061268164
1914611321777119180
-3612154005522985651
5095958210623730943
-6043998697410821989
3970708048463755848
-1106432132681317836
-5720626023829748318
9077319977983713525
7855302585988482431
8400300402337553697
-6135573134118352644
-1496953365433201220
18113764699363157
6313377940496320282
-7622641948981507430
6867951987149362866
-67401007825116766
-7983250405919102921
1695664614802308416
-783786488594520087
-4433973609265496908
2292351879106999847
-3769234967801107100
-2292239534195605431
1392510373500436940
-2547206102085627220
1166600609013220273
-1153928440982013939
4757889414458619292
-9076965801592866278
-2642441875361671290
-2612319679920548026
-8436856053919087921
-2976279152282549796
3412937533842428277
-5807152950085829545
8496231672024794241
-75014140370999568
877996640869195204
7248330544192524919
8940287775049965763
-8454558334114157466
-2065239709499642129
7833455468722935858
2449790338710369049
-776338809966884380
8825580030839066660
-5500980017352231448
-2142828237173029125
-924490188092642779
-2843002118915389499
7827122781640189005
-5234440825639378345
1664986947084007797
5927090380296686058
-3676181661395459353
-3399736100393836531
1006176909571507255
772894639785294556
-5521342743645258092
251140555456797298
-1091671968324278945
4993405465484280219
1970298634713016321
-3380695597615733298
-1079896161031977735
-5341761894722213286
2894541307525175859
8617489567692577502
-1105234874922719584
-7686488357312718595
-8948737751638781694
6129831286839914834
8189637381964285959
-6924687602056295518
-3960372081304875111
1217544765157386832
-6822562324044001420
5437457190960983317
-5607390379613178120
7467909360556362479
3379689493433928256
8370023524929714010
-3451206413557650318
3094205917602817725
607040768896285528
8496606808751040039
-6968026568399646673
230550880551123514
1146639168144259519
2998025615861676391
-1497153396672887893
-4257891610976119461
6435857450748141322
-8862249392714496072
-7906748827920383947
-5194391403942980088
-8677983290024950302
-5992172343130709778
-1800329426451939983
214675713851355805
7897019293469005958
2336288496466608270
2131305735540189143
-8472695333714439059
3330482750861586246
5105200337794601043
7947923248460932913
-816424584626945478
-5454251367298253047
986093125265767085
-2805818201683430111
3751989066179025599
-9039254239332657208
8756746437462953277
-4690727002444610663
-1641312466451538138
-8591072806800035056
71151320558971739
-2751151792848276639
3292966293958856082
-2117000953772191100
5402184118381645968
8421490631897782932
-2667196552471426153
2453116356007358041
8158333737637274396
2953048902699408163
3306308635040309437
1006987909139723225
4074953137040856689
-3670106877341464240
-4984904349717004032
-8359254105186004000
-4014652438271074890
-5017123209946488267
269170154557400915
-4468619692042264222
5383833128990928453
11198557984592443
-6591611201910816744
6562385584641638371
-8597595521150053843
-6623557854445188189
-634108300814556247
4703084830428340733
186228890492635824
-7567011939602060032
4990436339875340499
842378053138601950
4709452583730528966
-7501747589943642181
1720735760723498838
-2935248972510483001
1895463567973405081
-2784026264340031858
-215883123669491098
4484697479985371790
7551340963048312071
-2331024114290265078
2548472749671043885
-6271721653266432483
5848898243071175715
-5173430726970269423
-8932432691603702970
4665499871737671665
8677530944540441013
6735322273395411804
-1434506034723895484
7187803282567929243
-4863688905390057803
-3164082591931595786
2118354144661039401
-7551583425993311934
-2216507019151323949
5827387930590827966
7615812688292303599
-7247101413893670880
6219191158087839986
-9136316484833235990
-6961136380974284541
8321030694468722945
-5568784069527743063
-2177732446387844993
-2602463728922913596
-1705595654215816505
-4417873567567098431
-1607810996841280806
-2657526081461682423
5615917609311529704
936083787329830586
-5589300459665209814
-6278040294975309160
1630722071309521902
-8861084840961014971
-5813945950776530957
3168740103560926896
1127359681542308854
-5239545769064997429
-491081236554125684
-2286925543854763648
-594754993647623374
2156790921836247781
-5933472498508976222
4051223636655063725
9169095106059719271
8332239063093117921
-2077167535566557517
-8396984899329337904
-6419919547262572176
-3822678248850013884
-4787930710152756332
3137242090986067190
-2200089870652324423
-1669664852672950973
4676808956458488044
3796002938747912990
5898251653055473860
-2230187757244721592
-7275985179962160458
-821826533486524737
-124894926244469081
4300435716381159795
-4776617869653685053
5570847067465114687
-2976164117859179380
-370157742565098218
5659931679203983669
5667379674099763324
-315283138799425743
-5728206519984123080
2530462418310010630
6699559635224306503
-4043704968921878170
8336560468067535891
-4991267190580574081
-6906196952049610267
-4685682299597819247
-1304442245547552617
7571544416364769729
2448309376231152013
-6389566009418480339
-1708285501224633115
3415153986955196223
-620886734435044884
-4160146945691321018
-5061138629764263212
-7774149919128077246
887689514836664227
